Fr-Bq     -14.000000000      0.000000000      0.002466000
Fr-Bq      14.000000000      0.000000000      0.002466000
Fr-Bq       0.000000000     14.000000000      0.002466000
Fr-Bq       0.000000000    -14.000000000      0.002466000
Fr-Bq       0.000000000      0.000000000     16.002466000
Fr-Bq       0.000000000      0.000000000    -15.997534000
B        0.000000000      1.516696000      0.215020000
B        1.516696000      0.000000000      0.215020000
B       -1.516696000      0.000000000      0.215020000
B        0.000000000     -1.516696000      0.215020000
Li       0.000000000      0.000000000      2.120490000
H        1.264769000     -1.264769000     -1.437570000
H        1.264769000      1.264769000     -1.437570000
H       -1.264769000      1.264769000     -1.437570000
H       -1.264769000     -1.264769000     -1.437570000
N        1.305097000     -1.305097000     -0.421095000
N        1.305097000      1.305097000     -0.421095000
N       -1.305097000      1.305097000     -0.421095000
N       -1.305097000     -1.305097000     -0.421095000
H        1.810679000      0.000000000      1.397928000
H        0.000000000      1.810679000      1.397928000
H       -1.810679000      0.000000000      1.397928000
H        0.000000000     -1.810679000      1.397928000
